0 0.0924269 0.0860054 0.112037 0.0901239 0.0809594 0.0862643 0.0819267 0.0698503 0.0874162 0.0862895 0.0819347 0.0864843 0.0828496 0.081977 0.083322 0.0823863 0.0848905 0.0735329 0.0809075 0.0841943 0.086201 0.0893228 0.0691237 0.0730191 0.0841416 0.0850543 0.0852219 0.088689 0.0876468 0.12643 0.11822 0.121214 0.112655 0.125137 0.133984 0.118732 0.123251 0.135392 0.121365 0.11259 0.137475 0.122573 0.11406 0.11199 0.13642 0.142936 0.126062 0.145713 0.151832 0.138988 0.139455 0.14848 0.128037 0.15205 0.107776 0.103841 0.113498 0.116771 0.10624 0.214074 0.211671 0.186797 0.19774 0.197917 0.196263 0.199877 0.208817 0.204644 0.206238 0.206083 0.195095 0.155332 0.187018 0.19134 0.213809 0.0899935 0.0888948 0.0913738 0.0871859 0.0896011 0.157927 0.115957 0.104046 0.159263 0.0893561 0.0830529 0.0793221 0.0830438 0.0825484 0.0829603 0.0829274 0.0835404 0.0831572 0.0793229 0.0818768 0.0796545 0.0794874 0.0847148 0.0826153 0.0830054 0.078123 0.0821709 0.0834962 0.0823972 0.0828263 0.0815894 0.0827789 0.0827312 0.0824358 0.0828747 0.0788167 0.0831524 0.0828357 0.0826202 0.0833762 0.0815892 0.0816194 0.0807926 0.0823002 0.0819035 0.0811524 0.0823973 0.0820759 0.0803229 0.0796758 0.0800115 0.0830251 0.0827447 0.0831936 0.0814416 0.0798801 0.0801499 0.0815224 0.0814024 0.119252 0.116975 0.113539 0.114394 0.114933 0.111583 0.116497 0.115489 0.118369 0.115272 0.116588 0.116265 0.115827 0.116554 0.112316 0.116003 0.117601 0.118128 0.115255 0.120666 0.0983207 0.119327 0.115012 0.124734 0.116973 0.122273 0.118046 0.115523 0.117045 0.121062 0.178882 0.173983 0.174139 0.0856727 0.0850986 0.0860834 0.0848206 0.0848259 0.085093 0.0849224 0.08481 0.0847684 0.0848121 0.0884418 0.0883722 0.0882305 0.0883505 0.087768 0.0884191 0.0883102 0.187702 0.184902 0.203232 0.205338 0.208776 0.208997 0.203113 0.0931848 0.0947765 0.094795 0.0955262 0.100067 0.165783 
0.0924269 0 0.0850294 0.109985 0.0675125 0.0791069 0.0734055 0.0796602 0.0857222 0.0658101 0.0672376 0.0796984 0.0645468 0.079853 0.079475 0.0807154 0.0794118 0.0705766 0.0826223 0.0793584 0.071602 0.064599 0.0651835 0.0862085 0.082286 0.0800355 0.0654347 0.0642862 0.0653012 0.0686877 0.122115 0.116017 0.116723 0.10878 0.121785 0.130672 0.117254 0.118465 0.133373 0.11856 0.109323 0.135318 0.118461 0.111177 0.108786 0.135131 0.141022 0.12402 0.144082 0.151822 0.136947 0.13734 0.147115 0.124662 0.151316 0.104016 0.0996168 0.113089 0.113557 0.102803 0.216808 0.213701 0.187024 0.198818 0.200404 0.197388 0.201978 0.2114 0.206677 0.208527 0.208548 0.196299 0.156009 0.18928 0.192184 0.216465 0.0848981 0.0841652 0.0852862 0.0821844 0.0849523 0.156607 0.113651 0.109333 0.158629 0.0854232 0.0797558 0.0790508 0.0785365 0.0792747 0.0797152 0.0797322 0.0800344 0.0798627 0.0777741 0.0785764 0.07843 0.0781466 0.0813314 0.0789793 0.0794735 0.0782448 0.0785358 0.0800293 0.0791391 0.0794321 0.0778126 0.0794604 0.0792577 0.079464 0.079891 0.0788135 0.0798659 0.0792092 0.0793282 0.080418 0.0778298 0.0783601 0.0771991 0.0785619 0.0778529 0.0777186 0.078997 0.0788659 0.0785845 0.0780325 0.0780367 0.0797625 0.0790227 0.0791285 0.0792557 0.0773265 0.0782362 0.0790839 0.0794005 0.114683 0.113531 0.109627 0.110754 0.111684 0.106446 0.114132 0.11145 0.114542 0.111384 0.113108 0.113264 0.111757 0.112227 0.108801 0.113426 0.113902 0.114812 0.112342 0.118127 0.0946646 0.114696 0.113171 0.121208 0.113619 0.117565 0.114191 0.111392 0.114504 0.116697 0.179146 0.174073 0.17408 0.0815149 0.080694 0.0819173 0.0809545 0.0806775 0.0804735 0.0804162 0.0806158 0.0805144 0.080525 0.0812666 0.0809915 0.0813706 0.0811889 0.0809218 0.0810688 0.0812534 0.18813 0.185024 0.205126 0.206442 0.211401 0.211031 0.204861 0.086535 0.0882066 0.0882757 0.0888205 0.0933744 0.164477 
0.0860054 0.0850294 0 0.10793 0.0822036 0.0711342 0.0827588 0.0726646 0.0802848 0.0795385 0.0784037 0.0727459 0.0784626 0.0737518 0.0722319 0.0733392 0.0733132 0.0745867 0.0753776 0.070938 0.0767315 0.0780623 0.0809082 0.0789767 0.0758357 0.0751931 0.0767318 0.0779356 0.0804295 0.0795514 0.123579 0.114933 0.117 0.10678 0.121431 0.131329 0.115497 0.118428 0.133319 0.117167 0.107309 0.135105 0.119503 0.109623 0.108053 0.135347 0.141773 0.122941 0.144953 0.152067 0.13676 0.137712 0.148966 0.124587 0.152773 0.102107 0.0974822 0.111153 0.112935 0.100507 0.218086 0.214742 0.188443 0.200302 0.201699 0.19852 0.203582 0.212356 0.208137 0.210071 0.209807 0.197723 0.156111 0.189741 0.193965 0.217819 0.0826184 0.0811192 0.0833341 0.0785635 0.0811608 0.157864 0.112501 0.106776 0.160025 0.0819939 0.0735223 0.0709919 0.0732726 0.0734227 0.0732843 0.0729911 0.0739975 0.0735504 0.0668724 0.0724821 0.0709139 0.0709981 0.0754085 0.0731248 0.073899 0.0708662 0.0725923 0.0732117 0.0730517 0.0732688 0.0720768 0.0734806 0.0729453 0.07321 0.0741816 0.0694573 0.0736014 0.0728392 0.072701 0.074569 0.0722451 0.0722339 0.0716131 0.0728712 0.0725321 0.0720471 0.0725762 0.0724343 0.0727122 0.0720932 0.0718184 0.0733401 0.0729309 0.0733264 0.0736207 0.0715676 0.0720231 0.0732362 0.0726434 0.114377 0.112621 0.107971 0.110506 0.110177 0.107348 0.113648 0.111079 0.11367 0.110042 0.112571 0.112453 0.112339 0.111188 0.107853 0.111594 0.113521 0.11507 0.112202 0.117533 0.0913586 0.114442 0.112387 0.121768 0.112253 0.118397 0.113158 0.110837 0.113724 0.116078 0.179685 0.174503 0.173916 0.0761867 0.0752799 0.076906 0.0756384 0.0752097 0.0754329 0.0752628 0.075499 0.0754183 0.0752561 0.0797333 0.0800418 0.0800687 0.0799069 0.0798688 0.0802246 0.0799992 0.189317 0.186555 0.206087 0.207741 0.212576 0.212663 0.206264 0.086075 0.0872678 0.0869003 0.0883074 0.0929537 0.165059 
0.112037 0.109985 0.10793 0 0.109974 0.104937 0.107746 0.106283 0.108779 0.107893 0.103571 0.106071 0.108043 0.106314 0.107089 0.108141 0.106688 0.106652 0.107349 0.10607 0.107334 0.107976 0.108711 0.108356 0.107271 0.105835 0.107377 0.107927 0.108552 0.107553 0.130462 0.126473 0.127794 0.121624 0.129636 0.136558 0.127692 0.129256 0.138535 0.13091 0.12135 0.14051 0.127414 0.124551 0.120015 0.138674 0.143063 0.129801 0.145511 0.150821 0.140119 0.141841 0.14718 0.132589 0.149264 0.116154 0.115983 0.123754 0.125903 0.117126 0.202954 0.199253 0.176795 0.188038 0.188917 0.187161 0.190085 0.197455 0.194582 0.195478 0.19457 0.185135 0.150522 0.179405 0.180939 0.20225 0.109456 0.108845 0.109189 0.107129 0.110422 0.156841 0.122165 0.120709 0.155928 0.109354 0.107241 0.107318 0.107065 0.107216 0.107341 0.107109 0.107821 0.106872 0.105386 0.107441 0.106045 0.106177 0.109706 0.107056 0.10718 0.105723 0.106258 0.107209 0.106687 0.106861 0.103676 0.107106 0.106806 0.107418 0.107899 0.106392 0.10847 0.107973 0.10811 0.109413 0.106342 0.107158 0.105765 0.107429 0.106873 0.106281 0.108175 0.107694 0.106488 0.105372 0.10552 0.108847 0.108133 0.108495 0.107135 0.1049 0.105204 0.105914 0.106633 0.125885 0.124657 0.123159 0.123476 0.124797 0.121538 0.125657 0.123627 0.125549 0.123457 0.125782 0.124617 0.124368 0.124651 0.122172 0.125199 0.124941 0.125903 0.124626 0.127587 0.112348 0.12596 0.124046 0.12975 0.126839 0.127958 0.12595 0.12369 0.125428 0.126175 0.171309 0.168229 0.168623 0.110854 0.109786 0.111394 0.109865 0.109488 0.109069 0.109236 0.109393 0.10924 0.109379 0.108858 0.10874 0.108574 0.108759 0.108321 0.108912 0.108534 0.179081 0.174907 0.193191 0.194661 0.197574 0.198024 0.194591 0.111345 0.113208 0.112562 0.113991 0.118133 0.161158 
0.0901239 0.0675125 0.0822036 0.109974 0 0.0758687 0.0715776 0.0779144 0.0843863 0.0658629 0.0704536 0.0780284 0.0650925 0.0785581 0.0784656 0.079374 0.0784681 0.0717756 0.0808536 0.0779821 0.0700687 0.0644452 0.0647036 0.0845303 0.080934 0.0786109 0.0673934 0.0652239 0.0678103 0.0687548 0.124473 0.117094 0.119466 0.111192 0.123415 0.132645 0.117534 0.120229 0.134405 0.118735 0.10998 0.137192 0.121116 0.112064 0.109271 0.136841 0.143219 0.126828 0.145336 0.153027 0.13867 0.137865 0.148971 0.126995 0.153775 0.104076 0.099895 0.112064 0.11551 0.102735 0.217446 0.214654 0.188627 0.19982 0.201707 0.197611 0.203645 0.211985 0.207645 0.209069 0.20887 0.196838 0.155999 0.18984 0.193978 0.216662 0.0853948 0.0846114 0.0862912 0.0817642 0.0849151 0.158553 0.113772 0.10945 0.160877 0.0850961 0.0776612 0.0774045 0.0769503 0.0773434 0.0776938 0.0775101 0.0775267 0.0776289 0.0763751 0.0762862 0.0767662 0.0763154 0.0791594 0.0774066 0.077449 0.0762065 0.0767188 0.0776326 0.076996 0.0771731 0.0761421 0.0773315 0.0770685 0.0775514 0.0783568 0.0771919 0.078019 0.0771156 0.0772792 0.0781996 0.0760549 0.0759558 0.0749222 0.0764704 0.0760597 0.0756339 0.0768086 0.0767851 0.0766465 0.0760096 0.0757469 0.0772965 0.0768998 0.0770662 0.0774523 0.0751984 0.0760491 0.0776179 0.0769602 0.116481 0.115549 0.111508 0.112928 0.113003 0.109726 0.11522 0.113637 0.115638 0.112826 0.115602 0.114815 0.114414 0.113718 0.109818 0.115411 0.116035 0.116481 0.114562 0.119236 0.0952447 0.116529 0.11491 0.122576 0.114725 0.12044 0.115838 0.113867 0.11569 0.118616 0.180183 0.175101 0.174722 0.0798681 0.0791293 0.0803211 0.0794482 0.0791541 0.0789087 0.078851 0.0790981 0.0789849 0.0791452 0.0834121 0.0831268 0.0832529 0.0834688 0.0832112 0.0835581 0.0831137 0.189304 0.186754 0.20606 0.208081 0.211678 0.211486 0.205969 0.0893337 0.0904496 0.0903601 0.0913706 0.0958103 0.165697 
0.0809594 0.0791069 0.0711342 0.104937 0.0758687 0 0.0754253 0.054381 0.074275 0.0732215 0.0697412 0.0542627 0.0722341 0.0613032 0.0578012 0.0587696 0.0630867 0.0672145 0.0678068 0.0608172 0.0686135 0.0709046 0.0752082 0.0736374 0.0698954 0.0675727 0.070189 0.0711214 0.07409 0.0731251 0.121035 0.112282 0.114601 0.104798 0.119526 0.129783 0.112944 0.116556 0.131658 0.114449 0.104684 0.13407 0.1162 0.106437 0.104103 0.133535 0.141547 0.121659 0.144996 0.152082 0.135724 0.137211 0.148134 0.12334 0.152306 0.0982303 0.0931377 0.107684 0.110313 0.0968726 0.221933 0.218334 0.190905 0.203207 0.204624 0.201194 0.206304 0.215979 0.211664 0.213264 0.213821 0.200288 0.156327 0.192936 0.196706 0.22134 0.0759782 0.0742611 0.0769161 0.0718127 0.0745066 0.157848 0.110379 0.102929 0.159993 0.0755793 0.0656577 0.0644179 0.064541 0.0649727 0.0659492 0.0659229 0.0662985 0.0658381 0.0624126 0.0642702 0.0635038 0.0633165 0.0670941 0.0652004 0.0653256 0.063203 0.0645693 0.0661662 0.0656859 0.0656731 0.0637714 0.0658337 0.0657375 0.0646169 0.0655698 0.0628706 0.0656118 0.0650295 0.0648423 0.0656191 0.0649272 0.0652566 0.0634004 0.0652128 0.0652637 0.064847 0.0645951 0.0640148 0.0653019 0.0646103 0.0648117 0.0650475 0.0644524 0.0647908 0.0660421 0.0639746 0.0648813 0.0661801 0.0656962 0.111644 0.110243 0.10584 0.107734 0.107239 0.103662 0.109787 0.108482 0.110999 0.10742 0.110356 0.110102 0.108743 0.10922 0.104778 0.109681 0.110644 0.112022 0.109311 0.114838 0.086442 0.111716 0.109298 0.119435 0.109523 0.115754 0.110819 0.10812 0.110775 0.113764 0.181465 0.1759 0.175639 0.0689099 0.0677573 0.0693381 0.0681216 0.0680274 0.067749 0.0678481 0.0681505 0.0680148 0.0678759 0.0737499 0.0733053 0.0734769 0.0733954 0.0735317 0.0738685 0.0734298 0.191485 0.188659 0.209457 0.210963 0.216284 0.215673 0.209298 0.080201 0.0810586 0.0812424 0.0825404 0.0867021 0.165808 
0.0862643 0.0734055 0.0827588 0.107746 0.0715776 0.0754253 0 0.0781255 0.0807056 0.0701786 0.0707021 0.0781649 0.069787 0.0787109 0.0782025 0.0798499 0.0788845 0.073761 0.0787263 0.0779398 0.0724464 0.0693907 0.0705808 0.0807145 0.0785647 0.0790622 0.0695313 0.0677 0.0708601 0.0705295 0.123608 0.116274 0.118222 0.10921 0.122558 0.131046 0.117113 0.119937 0.131833 0.120334 0.109907 0.135692 0.119886 0.110418 0.107904 0.134849 0.140576 0.123018 0.143255 0.151797 0.136889 0.13743 0.147737 0.125133 0.150938 0.103509 0.0988681 0.112549 0.114488 0.101762 0.215705 0.212891 0.187077 0.197778 0.198799 0.196294 0.200888 0.210133 0.205873 0.207251 0.20761 0.194941 0.153834 0.188521 0.191771 0.214902 0.0858193 0.0847676 0.086646 0.082182 0.0857039 0.157115 0.112615 0.106542 0.158979 0.0857083 0.078077 0.0774345 0.0775721 0.0779959 0.0779594 0.0780408 0.078564 0.0782467 0.0761824 0.0769654 0.0764384 0.0765743 0.0802123 0.0776746 0.0779588 0.0765623 0.0768913 0.0784148 0.0776933 0.077406 0.0756362 0.0778611 0.0774653 0.0777743 0.0784055 0.0769024 0.0782404 0.0780981 0.0780384 0.0791492 0.0769227 0.0769058 0.075615 0.077444 0.0769867 0.0765551 0.0777364 0.0773606 0.0773189 0.0765557 0.0765594 0.078568 0.0777817 0.0779716 0.07821 0.0759728 0.0764447 0.077983 0.0780392 0.116099 0.114547 0.110536 0.112144 0.112059 0.108046 0.113943 0.112606 0.11493 0.11138 0.113135 0.114221 0.1131 0.112578 0.108979 0.113828 0.114993 0.115269 0.112651 0.117861 0.094444 0.116178 0.113787 0.122061 0.114164 0.118438 0.11463 0.112931 0.114981 0.117483 0.178773 0.173728 0.174092 0.0811515 0.0801237 0.0816193 0.0801745 0.0799702 0.0796329 0.0798493 0.0800362 0.0798105 0.0798888 0.0835328 0.0835395 0.0836412 0.0835376 0.0832862 0.0839732 0.083736 0.187963 0.184963 0.204448 0.205802 0.210128 0.209813 0.20462 0.0892089 0.0908448 0.0905574 0.091477 0.0964039 0.164584 
0.0819267 0.0796602 0.0726646 0.106283 0.0779144 0.054381 0.0781255 0 0.0747638 0.0742034 0.0698406 0.00766003 0.0729079 0.0632161 0.0588089 0.0589481 0.0640701 0.0689307 0.0692083 0.0626845 0.0696401 0.0717976 0.0758499 0.0742784 0.0710156 0.0696397 0.0710857 0.0723789 0.0753625 0.0738554 0.121273 0.11253 0.114776 0.104748 0.119988 0.129888 0.11355 0.11681 0.131951 0.115692 0.105481 0.133777 0.11694 0.107221 0.104761 0.13408 0.141143 0.122697 0.144597 0.152207 0.136092 0.136808 0.148652 0.12368 0.152564 0.0995302 0.0939936 0.108276 0.110381 0.0973771 0.22188 0.218093 0.190277 0.203239 0.204361 0.2013 0.20609 0.215768 0.211685 0.213069 0.213432 0.20031 0.156256 0.193039 0.196184 0.221341 0.0771039 0.075212 0.078224 0.0726137 0.075313 0.158266 0.111118 0.103553 0.160181 0.0764724 0.066783 0.0652571 0.0665853 0.0665099 0.0662874 0.0675528 0.0673405 0.0668084 0.0634882 0.0660026 0.0643745 0.0644013 0.0689581 0.0670477 0.0671238 0.0649164 0.0665931 0.0672473 0.0666225 0.0669455 0.0652558 0.0670194 0.06624 0.0672263 0.0675457 0.0634998 0.0675017 0.0668276 0.0669011 0.0674205 0.0657394 0.0658387 0.0649909 0.0662243 0.0662956 0.066169 0.0664576 0.0663642 0.0663447 0.0651154 0.0657034 0.0666868 0.0663425 0.0666526 0.0665361 0.0647686 0.0652855 0.0670295 0.066674 0.11134 0.110579 0.105903 0.107686 0.107432 0.104028 0.110445 0.108578 0.111126 0.107529 0.110414 0.110434 0.109101 0.109313 0.104595 0.110178 0.111153 0.111778 0.10902 0.11467 0.0874491 0.111377 0.109522 0.119257 0.10943 0.115576 0.111698 0.108168 0.110653 0.113411 0.181103 0.175404 0.175422 0.069982 0.0689972 0.0701191 0.0693638 0.0689018 0.0685358 0.0688155 0.0689179 0.0686435 0.0691154 0.0742738 0.0740897 0.0742659 0.0738958 0.0736901 0.074193 0.0743484 0.19108 0.188172 0.209153 0.210751 0.216083 0.215539 0.209348 0.0808363 0.0818333 0.0812782 0.0829308 0.0873495 0.165233 
0.0698503 0.0857222 0.0802848 0.108779 0.0843863 0.074275 0.0807056 0.0747638 0 0.0804817 0.0804723 0.0748909 0.0802953 0.0751841 0.0746804 0.0760266 0.0755473 0.0766186 0.0681895 0.073258 0.0771116 0.079083 0.082341 0.0637878 0.0660103 0.0771584 0.0780014 0.0790737 0.0823123 0.0808876 0.123037 0.11436 0.117325 0.108055 0.121227 0.130923 0.114591 0.119078 0.133272 0.116513 0.108613 0.134589 0.117776 0.110099 0.108478 0.13512 0.142536 0.122939 0.144396 0.151972 0.136265 0.137116 0.147781 0.124697 0.152459 0.103244 0.0983118 0.111079 0.112187 0.102035 0.217541 0.214333 0.188175 0.199762 0.200824 0.197782 0.202458 0.212351 0.207828 0.209417 0.209847 0.197055 0.155612 0.189975 0.193411 0.21719 0.0830292 0.0813642 0.0833816 0.0795775 0.0816941 0.157831 0.113622 0.100559 0.15903 0.0826586 0.0753051 0.0723901 0.0753858 0.0750747 0.0749384 0.075556 0.0754914 0.075761 0.0724873 0.0745577 0.0717927 0.0726581 0.0775478 0.0754108 0.0756951 0.0714673 0.0749682 0.0753216 0.0752193 0.0750417 0.0742457 0.0751128 0.0749926 0.075018 0.0759242 0.0720451 0.0756797 0.0750379 0.0750507 0.0763817 0.0735012 0.0737263 0.0731388 0.0744139 0.0737994 0.0736979 0.0748983 0.0748237 0.0738206 0.0724206 0.072966 0.074924 0.0749566 0.0754848 0.0745156 0.0728409 0.073517 0.0747702 0.0745048 0.11405 0.112758 0.1083 0.110254 0.110216 0.10663 0.112329 0.111449 0.113728 0.110096 0.112442 0.112107 0.110982 0.111577 0.107269 0.112185 0.112411 0.114489 0.111348 0.116695 0.0924086 0.114086 0.111111 0.120862 0.112442 0.117574 0.11355 0.111253 0.112451 0.116229 0.178819 0.17381 0.173649 0.0783772 0.0769653 0.0782664 0.0774408 0.0770074 0.0771584 0.0770809 0.0769537 0.0769147 0.0769844 0.0801555 0.0797292 0.0799375 0.0798852 0.0794744 0.0797669 0.0793438 0.188744 0.185786 0.205514 0.207471 0.212653 0.211687 0.205796 0.0853539 0.0870424 0.0870682 0.0879125 0.0924883 0.164677 
0.0874162 0.0658101 0.0795385 0.107893 0.0658629 0.0732215 0.0701786 0.0742034 0.0804817 0 0.0637444 0.0742467 0.0590865 0.0741596 0.0736154 0.0753185 0.0742876 0.0635244 0.0765873 0.073668 0.0644871 0.0609561 0.0584634 0.0796619 0.0769591 0.074917 0.0607675 0.0588865 0.0617141 0.0652747 0.123193 0.114778 0.116835 0.10809 0.121393 0.130636 0.115731 0.118658 0.133066 0.117393 0.107592 0.134881 0.11837 0.109308 0.107205 0.135117 0.142286 0.124487 0.144398 0.153307 0.136671 0.137994 0.148841 0.124648 0.151843 0.101646 0.0965446 0.110187 0.112413 0.100866 0.219587 0.216341 0.189503 0.201352 0.202414 0.199581 0.204216 0.213812 0.209435 0.211386 0.211346 0.198765 0.15593 0.19112 0.194814 0.2192 0.0817687 0.0805483 0.0825543 0.0775062 0.0810335 0.157843 0.112044 0.107227 0.160079 0.0812768 0.0736504 0.0730339 0.0736247 0.0738129 0.0734457 0.0732946 0.0737483 0.0735047 0.0721948 0.072705 0.0726651 0.0723493 0.0757581 0.0738168 0.073614 0.0727093 0.0734051 0.0737507 0.0737136 0.0734862 0.0721073 0.0735826 0.0732635 0.0738074 0.0739022 0.07251 0.0742196 0.073915 0.0739768 0.0749369 0.0721697 0.0725275 0.0715918 0.0726965 0.0721879 0.0720975 0.0733294 0.0730079 0.0723054 0.0714671 0.0712551 0.0740822 0.073461 0.0735972 0.0724369 0.0710111 0.071182 0.0726864 0.0723118 0.113933 0.112786 0.108622 0.109838 0.110867 0.106354 0.112998 0.110563 0.113656 0.110702 0.112561 0.112261 0.111456 0.111556 0.107571 0.112154 0.114008 0.11498 0.111698 0.116862 0.0920036 0.11402 0.11198 0.120783 0.111987 0.117657 0.113281 0.110585 0.113566 0.116589 0.180587 0.175652 0.17532 0.0760036 0.0751356 0.0763562 0.0753479 0.0749935 0.0746649 0.0748006 0.0748066 0.0748985 0.0748438 0.0788499 0.0789263 0.0786091 0.078404 0.0784538 0.0787692 0.0786974 0.190367 0.187174 0.207344 0.209114 0.214079 0.213563 0.207147 0.0847551 0.086087 0.0854011 0.0870884 0.0914418 0.165653 
0.0862895 0.0672376 0.0784037 0.103571 0.0704536 0.0697412 0.0707021 0.0698406 0.0804723 0.0637444 0 0.0697177 0.0633198 0.0727365 0.0718336 0.0670862 0.0733868 0.0683264 0.0762737 0.0724434 0.0667801 0.0646892 0.0653784 0.0801787 0.0767427 0.0745805 0.0650115 0.063131 0.0645692 0.0711226 0.120829 0.114339 0.11525 0.106455 0.120199 0.129038 0.114539 0.11742 0.1313 0.11719 0.10735 0.134302 0.116773 0.108696 0.105696 0.133285 0.139744 0.12235 0.142683 0.151123 0.135474 0.136896 0.146809 0.123371 0.15008 0.0999917 0.0959657 0.10941 0.111403 0.0992186 0.218234 0.214361 0.187774 0.19956 0.201019 0.198153 0.20264 0.21223 0.207577 0.209586 0.209572 0.196698 0.152752 0.189066 0.192891 0.217193 0.0817415 0.0806374 0.0824454 0.0779158 0.0812643 0.15665 0.110295 0.105067 0.158722 0.0815982 0.0739604 0.0731451 0.0729182 0.0736671 0.0739007 0.0738553 0.0742876 0.0741975 0.0709617 0.0731717 0.0722638 0.0721883 0.0759662 0.073317 0.0742415 0.0720759 0.0724518 0.0741257 0.0734004 0.0737143 0.0709555 0.0738835 0.0734327 0.0737857 0.0742412 0.0720804 0.0744063 0.0745139 0.0740479 0.0753225 0.0727838 0.0733813 0.0717404 0.0739872 0.0733362 0.072794 0.073972 0.0737945 0.0726849 0.0717687 0.071612 0.0749502 0.0741927 0.0744296 0.0735755 0.0710869 0.0716443 0.0730432 0.0730267 0.112877 0.111336 0.108014 0.109175 0.110091 0.104671 0.112206 0.108958 0.111983 0.109312 0.111216 0.111061 0.110774 0.110105 0.106091 0.110909 0.112402 0.113242 0.110963 0.115564 0.090231 0.112931 0.111046 0.119362 0.111625 0.1166 0.112388 0.109193 0.112337 0.114442 0.179221 0.174462 0.17472 0.0771397 0.0759182 0.0776862 0.0760187 0.0759957 0.0753813 0.0755207 0.0760662 0.0758567 0.0757002 0.0789947 0.0788885 0.079107 0.0788085 0.0786628 0.0792851 0.0791631 0.18908 0.185672 0.206347 0.206741 0.2122 0.21145 0.205677 0.0848776 0.0866947 0.0863156 0.0872839 0.0919986 0.164882 
0.0819347 0.0796984 0.0727459 0.106071 0.0780284 0.0542627 0.0781649 0.00766003 0.0748909 0.0742467 0.0697177 0 0.0729958 0.063234 0.0588169 0.0589605 0.0641692 0.069024 0.0692852 0.0626714 0.0697008 0.071878 0.0758356 0.0743886 0.0710817 0.0696907 0.0711535 0.072501 0.0754013 0.0738995 0.12126 0.11258 0.114833 0.104821 0.120024 0.12988 0.113576 0.116858 0.131953 0.11582 0.105479 0.133814 0.116925 0.107286 0.104822 0.134081 0.141124 0.122678 0.144585 0.152248 0.136112 0.136861 0.148653 0.123772 0.152543 0.0995192 0.0940931 0.108265 0.110458 0.0973732 0.22195 0.218128 0.190263 0.203251 0.204403 0.201382 0.206105 0.215788 0.211731 0.213103 0.21342 0.20034 0.156179 0.193076 0.196201 0.221383 0.0772546 0.0753578 0.0783469 0.0727219 0.0754764 0.158402 0.111106 0.103574 0.160235 0.0766292 0.0671465 0.0654882 0.0667605 0.0666888 0.0666646 0.0679113 0.0677135 0.0671409 0.0635862 0.066343 0.0644871 0.0645693 0.0691779 0.0672029 0.0672589 0.0650155 0.0667491 0.0676304 0.0669163 0.0672655 0.0652571 0.0673131 0.0665611 0.0674244 0.0677191 0.063553 0.0677757 0.0671484 0.067225 0.0677394 0.0660121 0.0661704 0.0653214 0.066552 0.0666386 0.0664811 0.0668305 0.0666886 0.0664994 0.0652323 0.0658818 0.0670962 0.0667015 0.0669889 0.0667098 0.0649022 0.0653796 0.0671464 0.0667985 0.111389 0.110669 0.105973 0.10774 0.107577 0.10408 0.110563 0.10863 0.111228 0.107571 0.110502 0.110489 0.109153 0.109404 0.104684 0.11024 0.111269 0.111834 0.109076 0.11472 0.0874953 0.111439 0.109666 0.119327 0.109564 0.115619 0.111789 0.108241 0.110752 0.113429 0.181204 0.175547 0.175613 0.0702419 0.0692236 0.0704002 0.069609 0.0691101 0.0687205 0.0690132 0.0691272 0.0688672 0.0693308 0.0743904 0.0742301 0.0743801 0.0740546 0.0738261 0.0743408 0.0745035 0.191103 0.188179 0.209194 0.210809 0.216076 0.215522 0.209413 0.0809378 0.0819761 0.0813752 0.0830556 0.0874639 0.165492 
0.0864843 0.0645468 0.0784626 0.108043 0.0650925 0.0722341 0.069787 0.0729079 0.0802953 0.0590865 0.0633198 0.0729958 0 0.0732361 0.0729443 0.0743072 0.0725969 0.0648157 0.0757665 0.072186 0.066733 0.0606357 0.0595192 0.0790751 0.0763936 0.0740306 0.0548887 0.0575458 0.0574235 0.0636279 0.123186 0.115345 0.11733 0.108163 0.121744 0.131718 0.115414 0.1185 0.133318 0.116775 0.107613 0.136156 0.118618 0.109111 0.107375 0.135913 0.143149 0.124013 0.144958 0.154114 0.137616 0.138535 0.14933 0.12489 0.152804 0.101335 0.0960139 0.110643 0.112898 0.099711 0.219923 0.21681 0.189993 0.201623 0.203143 0.200126 0.20478 0.214601 0.209561 0.211751 0.211565 0.198841 0.156004 0.191887 0.195686 0.219447 0.0815163 0.0801979 0.0823402 0.0774811 0.0803498 0.158331 0.111624 0.107946 0.160282 0.0814593 0.0738975 0.0715769 0.0730714 0.072903 0.0737214 0.0740626 0.0738867 0.0740983 0.0713111 0.0728021 0.0710725 0.0715473 0.0753061 0.0728628 0.0734303 0.071282 0.0727566 0.0742648 0.0734969 0.0738086 0.0716736 0.0741103 0.0733837 0.0735339 0.0738227 0.0710144 0.0737995 0.0733831 0.0728213 0.0743786 0.07137 0.0715516 0.0707221 0.072217 0.0716626 0.0710819 0.0731095 0.0724192 0.0709532 0.0694424 0.069989 0.0734584 0.0729282 0.0731715 0.071816 0.069948 0.0690107 0.0714465 0.0714669 0.114419 0.112823 0.109491 0.110319 0.11087 0.106069 0.113433 0.111028 0.113766 0.111116 0.113148 0.112668 0.112141 0.111348 0.107283 0.112462 0.11394 0.115141 0.112141 0.117243 0.0917969 0.114483 0.112389 0.121576 0.11191 0.117957 0.113373 0.111277 0.113104 0.116227 0.18113 0.175655 0.175315 0.0752639 0.0742827 0.0755807 0.0746033 0.0744786 0.0737806 0.0741355 0.0747466 0.0742831 0.0745014 0.0788818 0.0792733 0.0787833 0.0793067 0.0785949 0.0791731 0.0787862 0.190733 0.187475 0.208308 0.20958 0.214504 0.213897 0.207812 0.0848153 0.0865753 0.0862902 0.0874534 0.0916614 0.166246 
0.0828496 0.079853 0.0737518 0.106314 0.0785581 0.0613032 0.0787109 0.0632161 0.0751841 0.0741596 0.0727365 0.063234 0.0732361 0 0.0578575 0.0561082 0.0563996 0.0700131 0.071143 0.0654589 0.0704423 0.0725429 0.0758278 0.0752528 0.071851 0.0705254 0.0711236 0.0723324 0.0759344 0.074181 0.120159 0.112079 0.113717 0.103643 0.119294 0.129414 0.112931 0.115134 0.131364 0.114851 0.105068 0.133184 0.115827 0.106369 0.104747 0.133324 0.140518 0.12179 0.144007 0.151685 0.135423 0.136245 0.147661 0.122829 0.151979 0.0991015 0.093517 0.107859 0.109481 0.0974669 0.221643 0.217944 0.189856 0.20261 0.204308 0.200976 0.205738 0.215575 0.211399 0.212798 0.213056 0.199507 0.155895 0.192555 0.196083 0.220834 0.0763931 0.0751284 0.0767656 0.0725873 0.075507 0.15756 0.110914 0.10395 0.159694 0.076149 0.0679285 0.0667591 0.0679083 0.0678775 0.0683736 0.0680518 0.0683886 0.0682098 0.0652651 0.0673119 0.0657336 0.0652846 0.0701568 0.06794 0.0684503 0.0663857 0.0673419 0.0684907 0.0681779 0.0684647 0.0671414 0.0686736 0.0678257 0.068826 0.068951 0.0655424 0.0693031 0.0683217 0.0677717 0.0689209 0.0667793 0.0668022 0.0661829 0.0672673 0.0667693 0.0668997 0.0676833 0.0676431 0.0667132 0.0652566 0.0658703 0.0680439 0.0676816 0.0681036 0.0671437 0.0658053 0.0654808 0.0667366 0.0672582 0.110797 0.109554 0.105547 0.106869 0.106998 0.102874 0.109349 0.106696 0.110412 0.106679 0.109942 0.10953 0.107976 0.108104 0.104367 0.108889 0.110543 0.110939 0.108529 0.114172 0.087494 0.110871 0.108917 0.118648 0.108767 0.11473 0.110373 0.10689 0.109949 0.113299 0.180504 0.174908 0.174807 0.0709909 0.0699685 0.0711559 0.070357 0.0702814 0.0700232 0.0702627 0.0702385 0.0699486 0.0704672 0.072145 0.0726273 0.0720183 0.0724316 0.071998 0.07211 0.0725691 0.190394 0.187661 0.208735 0.210512 0.21586 0.215254 0.208908 0.0794879 0.0804816 0.0798745 0.0817923 0.0860707 0.165028 
0.081977 0.079475 0.0722319 0.107089 0.0784656 0.0578012 0.0782025 0.0588089 0.0746804 0.0736154 0.0718336 0.0588169 0.0729443 0.0578575 0 0.0530506 0.0537163 0.0684859 0.0688291 0.0594306 0.0696268 0.0718462 0.0759317 0.0736355 0.0709155 0.070377 0.0709026 0.071513 0.0750721 0.0742243 0.121225 0.112706 0.115092 0.104796 0.120155 0.130747 0.113226 0.11668 0.132631 0.115074 0.105637 0.13446 0.11705 0.107001 0.105245 0.133958 0.141506 0.122367 0.14475 0.152915 0.136401 0.137305 0.148634 0.123441 0.152629 0.0996996 0.0941187 0.108814 0.110166 0.0976414 0.22208 0.218613 0.191157 0.203661 0.204896 0.201706 0.206383 0.216402 0.21203 0.213326 0.213989 0.200709 0.156489 0.193465 0.196803 0.221501 0.0766316 0.075453 0.077383 0.0721189 0.0753654 0.158296 0.111275 0.104023 0.160605 0.0765849 0.0670162 0.0645994 0.0672808 0.0671077 0.0673332 0.0675039 0.0675337 0.0676271 0.0630036 0.0667041 0.0634493 0.064856 0.0687248 0.067052 0.0673947 0.0641938 0.0667655 0.0677142 0.0672897 0.0674922 0.0665253 0.0677509 0.0671106 0.0676636 0.0680058 0.0627848 0.0680106 0.0672841 0.0669079 0.068258 0.0661025 0.0661176 0.0649962 0.0663124 0.0659433 0.0660998 0.0668543 0.0665505 0.066339 0.0647586 0.0652054 0.0667791 0.0669431 0.066847 0.0664788 0.0646022 0.0633927 0.0664601 0.0664557 0.112386 0.110685 0.106271 0.107745 0.107689 0.104269 0.110693 0.108272 0.111149 0.1076 0.110511 0.110686 0.109252 0.109097 0.105063 0.109645 0.11153 0.111848 0.109305 0.114981 0.0877728 0.112413 0.109477 0.119835 0.109102 0.115495 0.111524 0.108026 0.111105 0.114557 0.181591 0.175787 0.175402 0.0700633 0.068991 0.0706101 0.0693891 0.0695169 0.0688528 0.0692472 0.0694775 0.0691576 0.0691547 0.0741453 0.0740244 0.0735907 0.0739554 0.0740144 0.0738846 0.073774 0.191384 0.188733 0.209515 0.211554 0.216955 0.216082 0.209338 0.0802226 0.0817229 0.0811618 0.0832021 0.0869138 0.16588 
0.083322 0.0807154 0.0733392 0.108141 0.079374 0.0587696 0.0798499 0.0589481 0.0760266 0.0753185 0.0670862 0.0589605 0.0743072 0.0561082 0.0530506 0 0.0566043 0.0701867 0.0704575 0.0653744 0.0706202 0.0731561 0.0765078 0.0751424 0.0720765 0.0712092 0.0721616 0.0731056 0.0764959 0.0747062 0.121725 0.113193 0.115485 0.105434 0.120799 0.13042 0.113782 0.117011 0.132793 0.115982 0.10655 0.134889 0.117216 0.107726 0.106459 0.135164 0.142505 0.123294 0.14581 0.153444 0.137233 0.138163 0.149251 0.124285 0.152958 0.100572 0.0951571 0.109411 0.110992 0.0989385 0.22268 0.218909 0.191474 0.203972 0.205213 0.20193 0.207125 0.2168 0.212444 0.214 0.214268 0.201101 0.156721 0.194321 0.197432 0.221735 0.0781003 0.0766734 0.0787557 0.0735892 0.0759506 0.158786 0.112544 0.105396 0.16106 0.0779387 0.068844 0.0661682 0.0679946 0.0684872 0.068327 0.0686803 0.0692975 0.0690798 0.0645104 0.0672935 0.065329 0.0661152 0.07041 0.0681205 0.0687737 0.0655903 0.0685184 0.0689713 0.0686967 0.0686556 0.0680298 0.0688669 0.0686947 0.0689797 0.0691199 0.0661053 0.0692357 0.0682209 0.0679955 0.0688903 0.0671821 0.067166 0.0662507 0.0678589 0.0676284 0.0677973 0.0674907 0.067625 0.0672062 0.0664981 0.0662016 0.0681067 0.0676246 0.0679636 0.0677681 0.0656007 0.0659298 0.0675894 0.06757 0.112613 0.111581 0.107188 0.108664 0.108567 0.104464 0.111487 0.109037 0.112304 0.108661 0.111578 0.110974 0.109789 0.109841 0.106305 0.110991 0.111604 0.11268 0.110313 0.115837 0.0889212 0.112684 0.110411 0.120213 0.110194 0.116512 0.111917 0.108545 0.111725 0.114678 0.181898 0.176051 0.176014 0.0716544 0.0706933 0.0715868 0.0708228 0.0707752 0.0704961 0.0707332 0.0707118 0.0703784 0.0705013 0.074958 0.0745782 0.0750468 0.0748651 0.0745363 0.074663 0.0745893 0.191762 0.189336 0.210104 0.211597 0.217125 0.216442 0.21025 0.0815347 0.0824243 0.0822411 0.0839419 0.0875877 0.166102 
0.0823863 0.0794118 0.0733132 0.106688 0.0784681 0.0630867 0.0788845 0.0640701 0.0755473 0.0742876 0.0733868 0.0641692 0.0725969 0.0563996 0.0537163 0.0566043 0 0.0693616 0.0704978 0.0655051 0.0710448 0.0716915 0.0760456 0.0744241 0.0708516 0.06949 0.0704832 0.0713074 0.075474 0.074087 0.121215 0.112405 0.114313 0.103877 0.119947 0.130081 0.113598 0.116534 0.132321 0.115074 0.105737 0.134073 0.116399 0.106982 0.105355 0.134003 0.141387 0.122372 0.144574 0.152754 0.136239 0.136627 0.147953 0.123397 0.152268 0.0992052 0.0936913 0.108498 0.11013 0.0977301 0.221734 0.217956 0.190156 0.203052 0.204197 0.201102 0.206143 0.215824 0.211709 0.213169 0.213366 0.200353 0.15611 0.192989 0.196594 0.221123 0.0764165 0.0750078 0.0773223 0.0724181 0.0752035 0.157828 0.111031 0.104431 0.159971 0.076116 0.068001 0.0656041 0.0684611 0.0684111 0.0685103 0.06826 0.0682185 0.0679785 0.065408 0.0675696 0.0651269 0.0657987 0.0702948 0.068212 0.0686432 0.0659371 0.0673132 0.0683691 0.0679854 0.0682561 0.0671315 0.0685857 0.06794 0.0684231 0.0689889 0.0648502 0.0691571 0.0682802 0.0679192 0.0692185 0.0665897 0.066029 0.065702 0.066864 0.0667355 0.0665636 0.0677294 0.0674864 0.0647897 0.0627878 0.0638052 0.0680641 0.0677972 0.0680165 0.0647929 0.0636453 0.0626171 0.0652589 0.0652982 0.1114 0.110735 0.1063 0.10732 0.10734 0.1035 0.110206 0.107922 0.11082 0.107864 0.110184 0.110276 0.109069 0.10903 0.105174 0.109471 0.111216 0.111725 0.109176 0.114481 0.0880146 0.111475 0.109511 0.119545 0.109347 0.115375 0.11117 0.107998 0.110985 0.114242 0.180859 0.17538 0.174965 0.0704597 0.0698211 0.0708071 0.0703086 0.0700559 0.0697247 0.0698037 0.069694 0.0693845 0.0700228 0.0741883 0.0738775 0.0735992 0.0742633 0.0737756 0.073972 0.0735081 0.190787 0.188242 0.208933 0.210934 0.216441 0.21548 0.209245 0.0802884 0.0812532 0.0810768 0.0831515 0.0869343 0.165181 
0.0848905 0.0705766 0.0745867 0.106652 0.0717756 0.0672145 0.073761 0.0689307 0.0766186 0.0635244 0.0683264 0.069024 0.0648157 0.0700131 0.0684859 0.0701867 0.0693616 0 0.0618912 0.055159 0.0568715 0.0674897 0.0645506 0.0764721 0.073563 0.0720192 0.0631116 0.0655545 0.065876 0.065191 0.121482 0.113136 0.115492 0.105645 0.120041 0.130259 0.113954 0.116987 0.131876 0.116027 0.106136 0.134317 0.11747 0.10774 0.105403 0.134814 0.141682 0.122433 0.143988 0.152689 0.136781 0.137157 0.147865 0.12331 0.1519 0.100133 0.0951216 0.109403 0.110867 0.0988046 0.220664 0.217014 0.189719 0.202177 0.203473 0.20019 0.204738 0.214707 0.210314 0.21205 0.21208 0.198997 0.155457 0.191567 0.195487 0.219922 0.0792324 0.0781379 0.0802409 0.0753216 0.0775625 0.157613 0.110872 0.105077 0.159731 0.0789116 0.0705835 0.0674164 0.0692234 0.0694835 0.0703921 0.0708987 0.0708501 0.0705578 0.0648403 0.0686957 0.0674395 0.0674874 0.0714331 0.069363 0.0699409 0.0673439 0.0692692 0.0706105 0.0707495 0.0701939 0.0686593 0.0705203 0.0701807 0.0703328 0.0700726 0.0674578 0.0700708 0.0693629 0.0695929 0.0707874 0.068989 0.0684381 0.0674261 0.069233 0.0687247 0.0686471 0.0690577 0.0689993 0.0688739 0.0681359 0.0679897 0.0701538 0.0693462 0.0694899 0.0694429 0.0671553 0.0677735 0.0696757 0.0690228 0.112923 0.111253 0.107613 0.10847 0.108983 0.104539 0.111796 0.109532 0.112387 0.108748 0.111824 0.110974 0.110015 0.109174 0.105883 0.110617 0.112272 0.113224 0.110709 0.116027 0.0892908 0.112952 0.110622 0.119928 0.110345 0.116258 0.112395 0.109328 0.111484 0.115416 0.180445 0.175167 0.175079 0.0731816 0.0718865 0.0732035 0.071885 0.0720649 0.0717229 0.071931 0.0718543 0.0717598 0.072077 0.0761684 0.0765445 0.0762442 0.0760161 0.0762641 0.0764411 0.0761585 0.190403 0.187613 0.208128 0.209578 0.214786 0.214019 0.207952 0.0828038 0.0839541 0.0834428 0.0845922 0.0889404 0.165045 
0.0735329 0.0826223 0.0753776 0.107349 0.0808536 0.0678068 0.0787263 0.0692083 0.0681895 0.0765873 0.0762737 0.0692852 0.0757665 0.071143 0.0688291 0.0704575 0.0704978 0.0618912 0 0.0595567 0.0624143 0.0748769 0.0789258 0.0464176 0.0647513 0.0731092 0.0740767 0.0749369 0.0783074 0.0771457 0.123335 0.114162 0.116318 0.106683 0.120164 0.131456 0.113977 0.118419 0.132645 0.116858 0.106102 0.135215 0.11842 0.108932 0.107035 0.135418 0.143333 0.124162 0.145666 0.153188 0.13745 0.138876 0.14916 0.125433 0.152729 0.101497 0.0965434 0.110033 0.112247 0.0988395 0.221095 0.217684 0.190251 0.202493 0.203968 0.200962 0.205478 0.2153 0.211118 0.212524 0.212884 0.19965 0.156973 0.19294 0.196377 0.220301 0.0800654 0.0791027 0.0810331 0.0760775 0.0786508 0.15903 0.112067 0.102813 0.160539 0.0797694 0.0711632 0.0671038 0.0702291 0.0700617 0.0702318 0.0710055 0.0711252 0.0708344 0.0651509 0.0695386 0.0664835 0.0669605 0.0716664 0.0700405 0.0704349 0.0662855 0.0696985 0.0708915 0.0706258 0.0699953 0.068981 0.0705353 0.0705066 0.0703323 0.0704661 0.0667678 0.0707957 0.0699519 0.07048 0.0711519 0.0694278 0.0694747 0.0681893 0.0695344 0.0696933 0.0692839 0.0699722 0.0698016 0.0688863 0.0684378 0.0681885 0.0703235 0.0700952 0.0708679 0.069574 0.067435 0.0680089 0.069106 0.0687818 0.114158 0.112534 0.108412 0.110166 0.110088 0.106407 0.112606 0.110354 0.113209 0.110467 0.112956 0.111969 0.111044 0.111352 0.10732 0.112412 0.113277 0.114329 0.111895 0.116741 0.0902462 0.11422 0.111982 0.121295 0.111475 0.117767 0.114037 0.11029 0.113314 0.115759 0.181528 0.175801 0.176323 0.0733846 0.0724599 0.0733308 0.0725377 0.0724958 0.0724602 0.0724137 0.0724793 0.0723727 0.0724178 0.0778286 0.0776137 0.0774993 0.0774725 0.0775749 0.0775322 0.0773831 0.191359 0.188469 0.208673 0.210588 0.215134 0.215101 0.20881 0.0837932 0.0855629 0.0848795 0.0861679 0.0908074 0.166204 
0.0809075 0.0793584 0.070938 0.10607 0.0779821 0.0608172 0.0779398 0.0626845 0.073258 0.073668 0.0724434 0.0626714 0.072186 0.0654589 0.0594306 0.0653744 0.0655051 0.055159 0.0595567 0 0.0570594 0.0714546 0.0756514 0.0732837 0.0700563 0.0695852 0.070121 0.0717582 0.0746258 0.0733463 0.120911 0.112499 0.114681 0.104884 0.120023 0.130312 0.113052 0.116599 0.131879 0.115451 0.104892 0.134658 0.116563 0.107014 0.104913 0.134383 0.141647 0.122055 0.144996 0.152959 0.136421 0.137247 0.148864 0.123716 0.153034 0.0991765 0.0937887 0.108515 0.110135 0.0974624 0.222618 0.218709 0.191129 0.203575 0.2052 0.201943 0.206486 0.216618 0.212152 0.213839 0.214169 0.200751 0.156282 0.193332 0.196838 0.221977 0.0767444 0.075235 0.0775643 0.0720774 0.0748955 0.158096 0.110782 0.103366 0.16045 0.0764395 0.0669511 0.0633969 0.0661792 0.0662098 0.0667101 0.067595 0.0671933 0.0668572 0.0577649 0.0659377 0.0630826 0.0630406 0.0681923 0.0658956 0.0663888 0.0635996 0.0659403 0.0671018 0.0667722 0.0666025 0.0647612 0.0665714 0.06675 0.0666238 0.0668258 0.0625214 0.0670785 0.0661734 0.0663227 0.0675036 0.0654789 0.0655413 0.0645495 0.0666187 0.0656843 0.0656802 0.0660124 0.0656089 0.0653636 0.0641409 0.06465 0.0665617 0.0660184 0.0664537 0.0652919 0.0640722 0.0645943 0.0658698 0.0659281 0.112169 0.110324 0.106282 0.10796 0.107779 0.103777 0.110554 0.108307 0.111172 0.107734 0.110637 0.110553 0.109 0.109004 0.104754 0.109791 0.111799 0.112043 0.109665 0.114928 0.0878123 0.112224 0.109629 0.119251 0.109806 0.115505 0.111527 0.108376 0.110974 0.114343 0.181835 0.176079 0.17592 0.0699534 0.0687996 0.0698938 0.0687545 0.068949 0.0684548 0.068659 0.0691198 0.0687557 0.0688043 0.0739589 0.0740264 0.0737077 0.0735897 0.0739875 0.0741572 0.0737744 0.191437 0.188725 0.209618 0.211552 0.216708 0.216151 0.209859 0.0799089 0.0810946 0.0809005 0.0823941 0.0865186 0.166293 
0.0841943 0.071602 0.0767315 0.107334 0.0700687 0.0686135 0.0724464 0.0696401 0.0771116 0.0644871 0.0667801 0.0697008 0.066733 0.0704423 0.0696268 0.0706202 0.0710448 0.0568715 0.0624143 0.0570594 0 0.064985 0.0450566 0.0774266 0.074596 0.0728444 0.0683959 0.0643581 0.0662477 0.0702624 0.121669 0.114052 0.115644 0.105857 0.120664 0.129584 0.11457 0.118128 0.132453 0.116613 0.107309 0.135325 0.117683 0.10843 0.105978 0.134652 0.141518 0.123147 0.144624 0.152497 0.13603 0.137482 0.148273 0.124073 0.152178 0.100085 0.095754 0.110161 0.111768 0.0994337 0.220485 0.217179 0.189721 0.201639 0.203315 0.200106 0.204943 0.214478 0.210049 0.211904 0.212026 0.199098 0.155775 0.191505 0.195358 0.21973 0.0798796 0.07873 0.0809805 0.0756641 0.0792074 0.158125 0.111325 0.105095 0.160092 0.0793055 0.0716918 0.0682522 0.0698165 0.0701047 0.0711714 0.0716813 0.0714981 0.0714069 0.0652416 0.069568 0.0679144 0.0680231 0.0718393 0.0700304 0.0703694 0.0682964 0.0696914 0.0714779 0.0711151 0.0710421 0.0686071 0.0713429 0.071116 0.0703087 0.0706878 0.0682041 0.0708784 0.0703804 0.0701896 0.0713964 0.0694385 0.0694818 0.0684297 0.0701063 0.0699849 0.0694944 0.0701947 0.0698214 0.0697585 0.0687243 0.0691752 0.0699856 0.0702472 0.0698944 0.0703871 0.0683556 0.0691796 0.0698917 0.0700348 0.113057 0.111396 0.10809 0.109518 0.109309 0.104587 0.111776 0.10947 0.112428 0.109154 0.111663 0.111496 0.110088 0.110555 0.10608 0.111577 0.112854 0.113012 0.110842 0.11568 0.0897077 0.113109 0.110722 0.119852 0.111474 0.11673 0.112617 0.109739 0.111674 0.114968 0.180408 0.175282 0.1751 0.0735052 0.0727234 0.0739034 0.072909 0.0728522 0.0725088 0.0723721 0.0727979 0.0724932 0.0727131 0.0769785 0.0769838 0.0768574 0.0767444 0.0765938 0.0770588 0.0768524 0.190276 0.187292 0.208034 0.209473 0.214848 0.214065 0.208133 0.0828233 0.0844038 0.0842591 0.0855721 0.0898966 0.165423 
